# time Re(rho11)
0.0	0.9999999999999997
0.10033444816053512	0.9916154631322335
0.20066889632107024	0.9794815701901411
0.3010033444816054	0.9637916861478042
0.4013377926421405	0.9447628509786922
0.5016722408026756	0.9226334347729725
0.6020066889632107	0.8976611212141072
0.7023411371237458	0.8701193808144424
0.802675585284281	0.8402955088781117
0.903010033444816	0.8084882096298619
1.0033444816053512	0.7750051441812805
1.1036789297658862	0.7401581360746382
1.2040133779264215	0.7042625971275068
1.3043478260869565	0.6676341841335178
1.4046822742474916	0.6305883823710162
1.5050167224080269	0.5934346488592246
1.605351170568562	0.556474071134416
1.705685618729097	0.5199993292728464
1.806020066889632	0.48429138440188446
1.9063545150501673	0.4496201563017247
2.0066889632107023	0.4162397635391897
2.1070234113712374	0.384385670372962
2.2073578595317724	0.3542746867535796
2.3076923076923075	0.3261042039853689
2.408026755852843	0.3000516740615966
2.508361204013378	0.2762755451260711
2.608695652173913	0.25491039557085027
2.709030100334448	0.2360666590496465
2.809364548494983	0.2198306244778312
2.9096989966555182	0.20626450094790177
3.0100334448160537	0.19540908119980194
3.1103678929765888	0.18728489988683242
3.210702341137124	0.18189002823066625
3.311036789297659	0.17919996570171415
3.411371237458194	0.17916764001912364
3.511705685618729	0.18172340715077984
3.612040133779264	0.18677614303841805
3.7123745819397995	0.194223569624412
3.8127090301003346	0.20394479915766914
3.9130434782608696	0.2158043987985793
4.013377926421405	0.229654111134258
4.11371237458194	0.2453328541785445
4.214046822742475	0.2626667213720035
4.31438127090301	0.2814701393945129
4.414715719063545	0.3015572095764037
4.51505016722408	0.32273100473101013
4.615384615384615	0.34479199787222103
4.7157190635451505	0.36754101953450824
4.816053511705686	0.39077925777292377
4.916387959866221	0.41430825816310257
5.016722408026756	0.43792992380126183
5.117056856187291	0.461449157063106
5.217391304347826	0.48468387576867955
5.317725752508361	0.5074497739447552
5.418060200668896	0.5295726574651552
5.518394648829432	0.5508903608914759
5.618729096989966	0.5712527474730874
5.719063545150502	0.5905217091471345
5.8193979933110365	0.608571166538535
5.919732441471572	0.6252873168134849
6.0200668896321075	0.6405715179892024
6.120401337792642	0.6543346213465977
6.2207357859531776	0.6665016548112588
6.321070234113712	0.6770136501599654
6.421404682274248	0.6858276430206892
6.521739130434782	0.692916672872594
6.622073578595318	0.6982697830460352
6.722408026755853	0.7018918097816099
6.822742474916388	0.7037984931722607
6.923076923076923	0.7040166743714968
7.023411371237458	0.7025855284382921
7.1237458193979935	0.6995560457558206
7.224080267558528	0.6949910320314557
7.3244147157190636	0.6889651082967715
7.424749163879599	0.681564710907541
7.525083612040134	0.6728880915437381
7.625418060200669	0.6630449403450658
7.725752508361204	0.6521409872283832
7.826086956521739	0.6402890018033789
7.926421404682274	0.6276096064413362
8.02675585284281	0.6142252879523905
8.127090301003344	0.6002603975855305
8.22742474916388	0.5858411510285955
8.327759197324415	0.5710956284082813
8.42809364548495	0.5561537144945039
8.528428093645484	0.5411372585893509
8.62876254180602	0.5261690355762502
8.729096989966555	0.5113725313759099
8.82943143812709	0.49686425157783737
8.929765886287626	0.4827537214403416
9.03010033444816	0.46914348589053223
9.130434782608695	0.4561291095243201
9.23076923076923	0.443799176606414
9.331103678929766	0.43223529107032876
9.431438127090301	0.4215114893751756
9.531772575250836	0.41169083859585787
9.632107023411372	0.4028313896603869
9.732441471571907	0.39498200630694313
9.832775919732441	0.3881813159539621
9.933110367892976	0.38245770970013554
10.033444816053512	0.3778293423244112
10.133779264214047	0.37430413228599296
10.234113712374581	0.37187977553044343
10.334448160535118	0.37054601189958497
10.434782608695652	0.37028673996885414
10.535117056856187	0.37107828589910863
10.635451505016722	0.37288955701324
10.735785953177258	0.37568204179617415
10.836120401337793	0.3794098098948708
10.936454849498327	0.38401951211832414
11.036789297658864	0.38945038043756225
11.137123745819398	0.3956342279856471
11.237458193979933	0.4024958293413182
11.33779264214047	0.4099662195522695
11.438127090301004	0.41797176449943396
11.538461538461538	0.4264334501215425
11.638795986622073	0.43527184519137785
11.73913043478261	0.4444071013157766
11.839464882943144	0.45375895293562674
11.939799331103679	0.46324671732586997
12.040133779264215	0.4727892945955004
12.14046822742475	0.4823075428668179
12.240802675585284	0.49172943751241105
12.341137123745819	0.5009785312918495
12.441471571906355	0.509982598780053
12.54180602006689	0.5186745491178615
12.642140468227424	0.5269924260120357
12.74247491638796	0.534879407735257
12.842809364548495	0.5422838071261269
12.94314381270903	0.5491590715891681
13.043478260869565	0.5554637830948226
13.143812709030101	0.5611621622887907
13.244147157190636	0.5662246164882145
13.34448160535117	0.5706249688327258
13.444816053511706	0.5743432272561629
13.545150501672241	0.5773658507787585
13.645484949832776	0.5796857495071406
13.74581939799331	0.5813022846343324
13.846153846153847	0.5822212684397523
13.946488294314381	0.5824549642892132
14.046822742474916	0.582020920933905
14.147157190635452	0.5809384875404549
14.247491638795987	0.579232515103674
14.347826086956522	0.5769317502260133
14.448160535117056	0.5740686664712571
14.548494983277592	0.5706794643645237
14.648829431438127	0.5668040713922649
14.749163879598662	0.5624861420022662
14.849498327759198	0.557773057603647
14.949832775919733	0.5527159265668601
15.050167224080267	0.5473663219670223
15.150501672240802	0.5417705720613479
15.250836120401338	0.5359811656095623
15.351170568561873	0.5300501400890375
15.451505016722408	0.5240286091582842
15.551839464882944	0.5179667626569521
15.652173913043478	0.5119138666058304
15.752508361204013	0.5059182632068466
15.852842809364548	0.5000273708430678
15.953177257525084	0.4942869354353759
16.05351170568562	0.488736649582927
16.153846153846153	0.48341771105261355
16.254180602006688	0.4783685907730291
16.354515050167223	0.4736238662848897
16.45484949832776	0.46921422174103355
16.555183946488295	0.46516644790642103
16.65551839464883	0.46150344215813444
16.755852842809364	0.45824420848537883
16.8561872909699	0.4554038574894807
16.956521739130434	0.4529936231418277
17.05685618729097	0.4510218942915686
17.157190635451506	0.44949439091279997
17.25752508361204	0.4484130963541685
17.357859531772576	0.44777621185506167
17.45819397993311	0.44757815654560895
17.558528428093645	0.4478095674466811
17.65886287625418	0.44845729946989027
17.759197324414714	0.44950442541759017
17.859531772575252	0.45093023598287557
17.959866220735787	0.4527134414692834
18.06020066889632	0.4548320269477736
18.160535117056856	0.457260153871334
18.26086956521739	0.45997067267717995
18.361204013377925	0.4629351232948969
18.46153846153846	0.46612373514644073
18.561872909698998	0.4695054271461379
18.662207357859533	0.4730478077006849
18.762541806020067	0.4767171747091486
18.862876254180602	0.48047921242011415
18.963210702341136	0.48430360316558496
19.06354515050167	0.4881572983818472
19.163879598662206	0.49200768555340996
19.264214046822744	0.4958236148385466
19.36454849498328	0.4995753990692944
19.464882943143813	0.5032348137514554
19.565217391304348	0.5067750970645963
19.665551839464882	0.510170949862047
19.765886287625417	0.5133985356709034
19.86622073578595	0.5164357826796221
19.96655518394649	0.5192641863189202
20.066889632107024	0.5218656652119484
20.16722408026756	0.5242243069446079
20.267558528428093	0.5263268609869637
20.367892976588628	0.528162738693246
20.468227424749163	0.5297240133018488
20.568561872909697	0.5310054199353299
20.668896321070235	0.5320043556004125
20.76923076923077	0.5327208506252391
20.869565217391305	0.5331566369924919
20.96989966555184	0.5333149391393451
21.070234113712374	0.5332010054373154
21.17056856187291	0.5328220648989915
21.270903010033443	0.5321873271780354
21.37123745819398	0.531307982569181
21.471571906354516	0.530197202008235
21.57190635451505	0.5288701370720761
21.672240802675585	0.5273439199786555
21.77257525083612	0.5256376635869972
21.872909698996654	0.5237695376260586
21.97324414715719	0.5217573579442167
22.073578595317727	0.5196213604154262
22.17391304347826	0.5173818830600879
22.274247491638796	0.5150593659519992
22.37458193979933	0.5126743512183545
22.474916387959865	0.5102474830397442
22.5752508361204	0.5077995076501562
22.67558528428094	0.5053512733369739
22.775919732441473	0.5029219846734068
22.876254180602007	0.5005301691966425
22.976588628762542	0.49819504260336755
23.076923076923077	0.49593445242208767
23.17725752508361	0.49376487623089876
23.277591973244146	0.49170142165748654
23.377926421404684	0.4897578263791272
23.47826086956522	0.4879464581226864
23.578595317725753	0.48627831466462035
23.678929765886288	0.48476302383097514
23.779264214046822	0.48340871486783754
23.879598662207357	0.48222196465861195
23.97993311036789	0.4812085060009867
24.08026755852843	0.48037249412597177
24.180602006688964	0.47971644312274014
24.2809364548495	0.4792412259386269
24.381270903010034	0.47894607437912984
24.48160535117057	0.47882857910790877
24.581939799331103	0.47888468964678677
24.682274247491637	0.47910879424549785
24.782608695652176	0.47949504085401073
24.88294314381271	0.4800363626986415
24.983277591973245	0.4807245763522979
25.08361204013378	0.4815506675663597
25.183946488294314	0.4825047912706791
25.28428093645485	0.48357627157358024
25.384615384615383	0.48475360176186033
25.48494983277592	0.4860244443007881
25.585284280936456	0.48737563083410484
25.68561872909699	0.48879321527411235
25.785953177257525	0.4902648097201483
25.88628762541806	0.4917775030404424
25.986622073578594	0.4933177316155171
26.08695652173913	0.4948723162372625
26.187290969899667	0.496428462108936
26.287625418060202	0.49797375884516226
26.387959866220736	0.49949618047193395
26.48829431438127	0.5009840854266112
26.588628762541806	0.5024262165579209
26.68896321070234	0.503811929528415
26.789297658862875	0.5051321799446958
26.889632107023413	0.5063776412582288
26.989966555183948	0.5075398088418517
27.090301003344482	0.5086112316574616
27.190635451505017	0.5095855122560152
27.29096989966555	0.5104573067775282
27.391304347826086	0.5112223249510758
27.49163879598662	0.5118773300947925
27.59197324414716	0.5124201391158721
27.692307692307693	0.5128495563822892
27.792642140468228	0.5131649480573298
27.892976588628763	0.5133664348025538
27.993311036789297	0.5134550348248497
28.093645484949832	0.5134326619350346
28.193979933110366	0.5133021255478543
28.294314381270905	0.5130671306819836
28.39464882943144	0.5127322779600263
28.494983277591974	0.5123030636085147
28.59531772575251	0.5117858794579103
28.695652173913043	0.5111876226022415
28.795986622073578	0.5105144834820553
28.896321070234112	0.5097738549665013
28.99665551839465	0.5089734333708499
29.096989966555185	0.5081210929389823
29.19732441471572	0.5072248858433916
29.297658862876254	0.5062930421851813
29.39799331103679	0.5053339699940669
29.498327759197323	0.5043562552283738
29.598662207357858	0.503368631410273
29.698996655518396	0.5023791734194754
29.79933110367893	0.5013957605603913
29.899665551839465	0.5004261581566152
30.0	0.49947781464717816
